176
141
272
231
184
46
268
68
116
256
230
300
61
18
298
146
82
304
8
173
261
265
234
139
6
190
250
178
152
264
235
313
125
119
34
212
126
312
242
239
36
289
160
284
63
301
185
137
72
69
199
111
306
278
86
180
292
225
97
30
103
270
263
307
101
311
282
11
294
197
224
108
109
28
147
168
39
118
293
121
77
315
135
193
240
204
52
167
144
107
5
85
206
302
255
114
262
57
214
170
297
100
138
40
54
246
194
236
105
33
43
12
208
70
42
174
112
171
295
95
196
274
273
91
83
44
281
232
187
13
89
62
130
252
314
149
59
37

247
64
161
140
136
155
123
177
277
19
229
162
249
188
166
